# What is preferred more Cullen Skink or Partan Bree?
# Do more 16-24 year olds prefer Partan bree?
# What is the total number of people who voted?


yes <- c(80100, 143000, 99400, 150400)
no <- c(35900, 214800, 43000, 207000)
food <- data.frame(yes, no)
food

 
